218
180
74
42
233
29
137
2
265
265
290
100
199
229
85
237
118
114
118
18
47
23
129
274
237
47
112
245
131
242
229
166
158
220
255
113
62
249
234
294
213
288
195
249
259
137
179
11
276
101
143
25
90
110
268
37
239
232
45
34
107
89
113
89
274
108
101
182
116
260
248
240
103
176
1
250
83
202
2
123
41
159
142
45
25
42
269
230
221
285
205
208
99
269
297
124
204
144
130
98
128
158
2
11
150
209
112
31
181
27
63
17
57
90
27
186
135
191
22
215
263
12
200
280
156
163
37
258
67
117
264
228
62
46
217
35
108
68
69
87
245
51
174
150
123
97
274
99
217
60
185
259
257
235
287
86
297
43
248
277
139
258
298
2
221
22
125
256
79
252
239
127
144
231
271
72
113
50
76
181
22
11
267
203
67
298
185
129
247
176
259
177
7
211
5
69
277
236
98
266
241
82
206
19
54
28
21
181
126
85
100
228
87
290
139
53
162
144
282
294
169
136
190
180
193
193
87
236
55
150
207
42
293
225
58
210
242
136
58
248
190
142
151
275
79
206
19
187
192
273
211
17
4
166
161
111
28
139
270
173
291
26
146
50
255
70
68
73
40
64
68
117
21
286
131
279
115
255
101
203
266
250
238
125
223
261
259
87
100
66
30
101
232
65
21
32
158
147
167
99
253
152
180
68
103
261
214
64
102
253
202
191
140
294
205
19
171
203
78
107
33
125
265
199
262
19
48
231
108
159
135
146
121
180
221
6
140
33
203
285
265
216
201
230
295
17
284
278
275
90
52
251
59
140
13
192
242
160
165
295
148
220
264
92
263
292
33
125
236
73
123
51
75
232
112
60
173
48
285
180
160
95
217
203
118
24
149
248
292
216
90
300
222
46
283
149
272
87
286
187
127
2
28
266
33
261
221
94
264
106
234
51
6
170
183
7
182
261
137
119
199
11
69
279
246
137
175
182
143
123
53
279
57
14
300
265
135
299
169
86
194
8
255
219
24
199
208
112
127
205
10
144
44
288
140
122
164
86
293
279
9
114
166
29
150
89
219
281
104
273
172
54
224
121
158
1
26
78
202
296
125
66
295
27
10
233
259
131
288
228
23
76
201
114
244
209
278
117
59
169
212
121
98
153
127
106
149
285
17
31
279
17
232
60
288
50
290
52
204
265
82
84
187
48
8
149
201
295
277
157
274
227
4
285
154
51
245
106
275
115
213
6
75
226
197
182
2
39
19
283
85
160
46
85
60
292
137
200
263
167
151
122
43
1
268
235
237
108
76
265
264
250
193
103
40
219
158
260
23
86
154
260
287
208
260
28
19
175
53
24
243
154
181
254
19
287
199
269
123
300
279
112
289
87
142
185
120
120
28
115
97
109
175
292
174
218
4
292
235
82
219
119
104
271
13
281
228
6
226
248
276
219
17
154
169
169
47
122
132
257
103
10
208
170
85
51
118
156
78
17
84
285
24
290
272
22
72
170
72
174
220
232
264
290
212
188
208
21
204
160
68
59
108
170
54
238
140
285
226
248
159
72
234
32
260
300
13
175
86
249
287
55
266
73
22
224
95
89
66
15
231
41
192
296
277
262
57
104
69
178
79
153
41
184
190
34
134
131
196
50
284
31
203
56
23
163
31
49
265
201
112
231
69
227
175
194
67
266
112
197
128
194
241
187
17
186
26
84
222
218
261
291
112
55
162
250
140
262
151
165
188
61
221
12
225
35
266
152
103
99
84
41
84
113
72
282
63
133
233
33
277
104
188
147
83
37
79
52
108
157
6
176
215
212
289
162
116
33
205
118
247
84
148
123
297
46
288
138
236
113
40
22
15
211
268
37
178
130
114
11
188
50
127
102
178
23
5
35
29
281
108
69
225
222
200
252
232
63
112
259
282
183
97
287
251
185
266
273
275
181
300
7
247
251
107
28
69
277
32
125
178
143
271
255
107
251
288
119
57
14
117
46
278
226
263
283
78
60
202
71
16
187
168
223
282
178
210
96
183
278
198
281
7
250
217
262
143
14
109
162
223
201
215
202
209
47
158
259
231
234
252
7
51
259
118
9
69
257
72
128
158
279
99
90
237
68
83
8
163
121
113
271
39
270
142
203
137
37
11
43
7
180
287
81
62
141
123
182
67
209
245
223
65
103
152
33
4
176
149
71
185
56
287
146
180
154
129
93
212
236
4
174
57
162
281
262
200
158
146
169
72
174
244
177
100
223
232
146
63
49
231
218
27
279
36
16
127
257
234
236
216
153
204
109
50
228
128
236
184
54
143
272
21
277
210
291
283
10
227
60
210
157
48
290
75
296
254
285
295
107
87
232
155
171
16
8
189
170
125
13
144
203
198
235
238
59
127
87
54
188
2
12
226
110
93
193
168
244
284
297
253
276
172
250
175
247
246
298
219
211
31
200
203
224
32
92
234
115
179
135
21
282
124
110
211
209
70
64
129
257
18
291
120
12
163
177
246
116
261
76
123
97
40
53
220
14
236
97
57
104
149
214
109
43
193
33
296
122
143
184
124
102
97
208
205
82
174
236
190
90
33
38
162
79
106
4
5
275
194
99
285
294
183
296
168
128
189
230
130
45
96
184
196
36
35
91
132
28
254
157
257
142
150
35
215
136
210
146
197
226
222
105
123
80
143
65
19
124
21
113
200
186
152
96
93
90
199
106
144
245
67
232
274
296
61
68
43
157
179
245
36
4
145
116
45
28
97
205
74
240
188
137
35
41
124
132
126
20
118
170
257
4
17
107
144
218
265
153
222
99
11
139
225
80
146
268
287
196
83
272
21
26
150
179
134
205
196
140
113
91
254
42
36
214
232
19
249
226
207
129
291
152
300
131
138
295
41
44
236
21
299
83
8
257
172
7
74
4
8
153
145
118
26
84
117
80
11
237
96
132
21
185
110
201
95
217
178
152
251
241
173
11
143
57
84
62
88
196
250
261
251
114
238
250
222
253
103
16
259
52
109
259
61
29
4
70
36
293
273
255
71
203
258
67
213
293
179
212
180
31
251
203
35
294
140
6
102
176
218
55
16
4
219
147
282
172
57
23
215
271
83
181
241
53
162
175
105
129
202
72
168
203
100
99
18
31
235
99
143
266
272
85
225
221
216
273
29
11
128
48
259
72
176
293
45
64
161
299
185
221
74
72
38
70
86
218
29
172
207
175
128
115
26
221
156
11
23
20
5
182
142
56
242
83
80
128
276
63
16
13
143
243
181
103
120
61
80
130
87
274
128
37
158
103
198
185
11
171
276
144
298
292
234
45
262
48
107
29
181
116
158
240
224
148
61
6
26
87
67
92
254
263
78
62
91
237
284
296
135
31
27
118
108
290
129
85
163
222
185
160
248
12
108
140
108
105
300
156
190
46
215
4
260
205
193
37
177
117
295
273
4
85
12
98
260
11
266
290
15
48
282
6
58
274
226
212
291
65
188
194
198
291
79
210
142
134
169
67
271
113
152
22
237
208
115
66
113
200
70
22
172
247
123
254
170
212
171
22
184
208
215
283
277
38
224
165
159
188
59
202
266
135
87
293
256
120
124
29
243
233
252
210
163
252
154
69
228
215
36
104
108
114
171
223
191
274
89
67
233
254
49
1
25
60
110
248
191
141
227
92
230
42
221
250
248
140
8
46
160
67
176
255
3
167
102
155
169
240
22
271
46
176
76
41
148
251
248
109
87
127
236
33
127
86
73
203
259
238
105
153
47
271
27
179
37
176
118
186
10
31
148
84
11
163
260
293
195
181
223
289
239
7
76
135
213
214
23
290
112
118
58
55
164
40
83
76
74
183
294
44
74
24
71
260
200
113
50
10
167
298
147
76
37
203
173
259
92
29
143
230
182
48
165
235
7
33
213
250
5
246
185
82
57
295
150
45
177
144
160
155
275
57
205
82
183
37
76
236
289
64
278
74
234
108
155
122
9
39
139
97
119
196
185
112
168
195
106
244
5
187
235
48
203
223
257
107
290
40
233
203
51
115
212
74
196
54
25
99
253
222
145
261
204
181
237
245
106
209
158
29
213
174
164
18
195
12
30
174
26
44
132
159
82
13
172
221
271
71
273
299
3
230
51
34
280
21
149
61
51
105
3
216
169
209
245
256
116
31
12
157
246
106
102
40
87
288
74
49
237
222
224
216
75
18
23
299
106
212
160
80
184
291
93
241
173
72
19
167
261
77
260
51
287
184
237
151
156
289
119
100
44
254
267
205
270
231
248
142
83
287
16
259
180
290
31
256
265
251
211
258
194
129
10
275
278
208
186
295
299
267
179
88
65
233
52
283
259
200
240
197
223
217
120
58
95
238
121
57
180
23
267
297
104
133
17
110
77
264
42
105
276
148
161
183
295
99
133
57
62
146
47
101
214
190
72
8
285
257
256
208
39
243
21
41
262
51
134
1
16
106
259
244
273
128
182
178
8
30
300
16
52
57
26
7
152
54
32
273
15
13
35
76
186
3
192
189
212
195
16
198
81
217
27
37
276
21
81
165
2
155
215
250
283
56
89
225
212
209
104
242
292
47
259
271
133
283
163
58
158
226
284
298
194
54
72
222
100
249
223
24
194
59
37
78
245
204
215
296
259
55
148
274
188
118
212
199
291
123
160
83
293
184
293
217
20
39
296
62
93
208
283
155
296
125
189
193
214
205
56
84
221
184
76
177
204
255
113
5
293
207
30
284
16
233
220
91
103
278
13
286
168
272
298
53
180
45
293
2
52
166
1
192
206
93
264
88
3
258
107
157
140
236
92
170
183
140
56
139
198
241
121
112
4
163
183
24
213
299
8
86
65
276
14
26
53
265
152
282
49
14
281
287
241
185
136
196
67
130
270
95
107
54
59
204
261
77
171
54
288
159
9
24
268
159
246
245
155
296
12
80
106
148
55
103
55
49
33
207
239
155
162
238
188
64
214
141
240
4
6
17
89
166
286
20
86
111
286
32
172
294
44
153
243
180
219
141
252
62
55
2
155
94
151
195
178
55
200
143
176
166
267
19
228
266
94
143
234
267
9
1
112
239
57
1
263
97
274
181
13
160
293
69
267
228
169
68
9
48
48
143
101
215
210
18
69
185
241
228
228
187
72
114
23
295
61
253
14
104
291
227
138
221
105
245
152
132
149
203
92
149
265
228
235
165
60
92
255
18
195
35
12
237
66
92
120
35
57
120
41
232
199
131
107
294
142
245
45
11
251
285
136
224
249
158
239
298
297
46
139
125
52
121
183
234
256
288
296
142
29
175
226
35
257
188
20
156
12
18
50
129
18
98
125
280
27
18
296
226
284
36
161
126
184
26
124
125
129
188
219
300
290
253
247
267
11
79
84
262
27
23
264
93
26
294
159
216
99
3
106
294
129
250
17
193
203
153
231
136
86
249
41
97
274
99
140
20
61
177
172
212
275
29
109
245
125
25
278
191
253
174
229
206
58
23
158
131
53
182
156
136
230
103
118
117
139
12
79
99
292
192
144
26
244
142
91
78
88
291
149
50
192
202
154
198
52
65
297
163
250
129
44
9
66
225
33
112
259
272
110
84
87
165
123
28
102
297
70
235
37
252
61
222
226
272
44
205
261
163
2
200
126
67
174
230
178
69
275
183
283
268
49
47
79
164
251
34
181
271
137
230
20
196
210
280
22
199
256
20
133
144
117
180
269
208
258
280
169
74
176
260
288
155
274
195
76
93
230
253
41
139
271
28
140
234
132
63
32
187
216
158
244
118
198
171
283
51
93
283
151
39
4
293
24
17
207
133
153
208
9
52
110
126
119
132
282
204
19
174
268
53
290
273
220
283
136
151
192
284
58
298
33
202
154
193
181
267
267
184
206
125
100
267
8
250
50
107
290
16
298
175
154
136
213
295
116
12
292
217
36
43
77
78
191
13
267
212
141
277
278
90
257
20
290
182
8
174
78
261
222
155
34
122
86
236
86
52
2
233
270
42
203
249
122
138
212
5
35
246
146
165
185
272
295
296
84
17
232
155
170
125
13
57
243
77
221
290
8
169
286
266
206
33
134
126
234
191
121
222
66
284
95
118
27
117
10
239
38
268
73
232
270
272
33
119
185
38
293
102
223
250
85
195
243
82
83
265
180
133
105
300
263
240
75
257
284
171
90
7
284
268
3
218
103
258
186
111
59
227
291
135
183
238
82
288
110
261
267
10
184
256
49
239
208
128
160
88
112
211
62
249
82
183
171
188
284
86
229
117
42
242
267
201
205
67
186
109
207
278
275
94
187
103
60
239
143
291
45
7
160
84
247
154
271
59
63
218
193
241
6
227
26
90
77
212
63
118
161
26
30
153
45
48
183
215
35
172
117
29
98
28
223
55
216
144
49
223
277
273
22
59
132
44
31
199
218
277
144
242
34
74
259
267
218
100
247
155
45
22
237
190
242
278
281
184
258
32
254
287
251
132
288
107
195
256
237
201
148
4
45
281
53
139
133
83
19
115
216
172
103
12
229
199
223
58
119
67
28
222
110
100
94
72
250
50
24
122
83
65
8
16
152
44
132
211
85
288
286
4
24
54
228
36
143
2
236
58
236
39
191
194
87
284
239
96
5
284
155
176
146
53
175
5
252
294
140
219
75
64
197
92
146
117
229
96
228
149
45
122
80
12
35
15
123
21
228
208
243
100
267
32
18
99
191
155
297
128
87
16
15
259
42
250
286
184
10
238
8
207
70
232
35
260
255
87
159
113
99
293
222
15
81
267
19
234
261
15
252
42
193
196
57
203
87
175
28
191
46
184
66
128
7
55
222
37
135
117
243
170
123
226
153
284
216
57
176
94
70
117
119
251
205
132
124
85
146
297
133
48
289
171
280
228
72
24
248
255
52
32
175
143
207
208
213
285
101
278
262
83
280
260
173
280
260
228
93
146
177
135
140
257
244
291
20
211
13
49
233
44
6
229
98
36
9
166
152
171
15
178
121
6
149
88
223
245
81
239
272
249
295
115
229
207
119
76
103
98
118
202
178
106
228
133
122
258
291
32
236
13
15
57
37
165
256
242
47
197
129
175
244
34
15
97
173
169
149
194
149
63
83
142
158
9
34
118
25
35
15
251
105
41
201
51
102
66
280
77
156
69
176
51
287
205
203
29
51
300
295
80
189
60
112
193
209
43
294
133
67
101
256
42
125
96
159
252
223
100
279
185
162
233
49
282
115
142
62
128
171
128
260
188
256
68
201
160
47
182
29
90
62
115
6
58
190
218
108
219
125
183
227
23
33
156
284
126
113
134
216
9
186
64
288
129
190
219
182
18
121
90
201
97
64
173
212
238
7
286
214
170
300
207
78
78
218
219
262
65
13
115
296
293
214
77
237
14
139
1
63
183
190
17
70
62
219
291
300
218
164
221
1
119
44
20
91
123
240
34
34
188
130
263
64
43
17
23
256
52
39
99
281
124
58
229
95
296
16
137
269
131
18
210
98
248
44
155
153
25
260
172
1
268
158
65
187
264
83
281
120
196
21
287
82
16
274
210
293
177
86
236
87
108
136
218
113
275
58
138
2
268
124
98
131
119
279
157
149
287
46
280
102
132
258
83
47
144
168
66
156
163
8
54
294
74
2
109
157
137
132
295
269
169
162
56
3
178
74
291
226
252
96
196
1
189
274
50
264
123
234
206
66
232
37
237
26
92
13
55
39
10
75
293
22
52
285
61
78
49
242
107
134
68
244
96
215
79
65
96
202
106
40
157
30
154
294
208
127
115
300
151
118
150
58
176
257
75
78
6
267
59
137
2
233
146
27
17
156
198
75
241
195
76
260
105
298
234
63
115
133
221
259
29
210
289
183
193
154
220
236
154
147
18
105
39
39
207
204
143
145
178
163
265
173
225
224
211
250
121
7
207
264
1
162
27
169
19
68
2
197
171
7
10
101
93
23
209
104
266
51
289
45
190
102
29
294
58
160
291
191
201
92
46
212
204
58
143
112
195
94
85
170
159
15
238
126
207
71
134
68
211
68
260
121
144
264
79
16
182
102
100
289
163
24
249
1
65
74
102
278
267
96
180
93
156
261
218
61
126
132
174
39
219
32
15
121
194
224
129
109
297
180
19
227
227
152
17
3
93
294
111
72
41
236
229
154
275
76
241
171
220
72
167
129
253
9
139
216
194
12
218
215
28
169
15
201
12
240
93
94
46
94
35
297
143
232
143
21
271
64
232
163
198
173
278
279
42
113
292
51
298
170
34
260
295
57
65
292
276
223
217
51
167
51
234
267
175
173
214
202
153
269
94
110
224
224
92
231
197
124
298
117
223
279
98
126
264
129
209
112
258
71
193
220
205
152
43
214
274
31
79
85
284
44
249
251
118
56
296
46
26
261
260
154
54
231
124
163
21
24
251
284
221
266
14
226
195
254
271
131
220
18
156
282
8
116
90
287
72
75
62
176
158
96
91
24
101
105
218
13
2
210
46
117
271
144
298
113
270
207
114
81
165
41
279
89
270
253
188
82
98
251
130
110
28
189
194
300
113
115
298
179
134
59
151
122
2
195
279
162
249
1
55
281
109
186
179
214
177
16
197
39
120
9
88
190
285
208
63
101
77
139
234
100
217
84
241
8
39
30
64
207
280
275
283
131
272
263
140
270
38
32
134
126
270
9
276
205
84
126
87
68
151
282
85
226
140
136
45
266
246
204
237
9
284
86
186
262
138
180
106
215
140
129
186
200
263
83
231
240
18
38
281
48
202
79
284
96
198
203
199
253
123
10
130
193
196
260
119
238
246
283
33
190
135
208
254
269
141
86
124
65
182
165
267
67
185
256
189
10
288
246
18
160
298
235
107
241
89
91
55
237
178
158
58
35
232
223
78
128
34
11
294
226
80
241
214
217
202
51
169
168
165
296
87
188
271
21
148
239
278
115
86
164
68
210
39
199
186
44
73
134
35
102
139
121
257
256
153
223
67
293
217
198
13
13
66
229
174
298
138
185
31
194
35
9
262
211
58
36
102
283
40
214
17
167
231
288
168
66
241
120
78
282
28
187
293
69
127
166
86
167
88
265
269
186
251
236
214
253
38
252
35
298
251
120
178
237
204
165
89
29
202
129
25
25
170
173
96
109
181
143
57
64
126
9
179
186
69
96
217
295
23
265
193
219
213
34
215
46
115
22
113
175
52
22
213
188
279
231
263
100
8
37
129
173
92
95
98
199
263
266
27
55
273
241
201
197
232
45
300
112
69
114
23
159
278
250
34
293
275
253
137
126
230
136
176
102
254
218
233
252
239
165
220
135
184
286
118
264
29
100
288
39
273
152
200
25
236
105
84
29
67
51
259
300
109
267
204
126
108
57
136
245
97
162
48
56
57
246
253
33
263
105
153
253
111
198
139
222
140
300
235
215
213
45
143
25
217
42
238
150
163
170
216
258
74
233
215
29
199
91
81
155
12
68
262
132
83
227
209
69
148
63
203
273
243
208
80
225
172
290
138
262
266
60
172
71
250
272
116
115
218
87
182
106
108
42
102
58
21
210
145
282
172
177
179
257
224
254
23
280
40
59
216
125
252
299
37
213
293
86
237
139
58
209
117
195
176
130
115
245
30
21
39
101
86
175
297
128
28
100
278
79
5
260
48
217
283
210
106
3
262
165
77
87
179
92
257
141
136
81
299
137
36
211
236
67
156
208
115
62
156
158
293
209
13
238
166
32
119
255
291
86
250
201
11
7
65
182
235
172
196
235
79
200
125
152
51
247
74
265
231
279
14
136
299
38
182
116
82
251
170
225
37
156
88
295
300
257
181
94
174
256
271
283
4
248
288
104
292
134
222
13
19
154
147
91
8
183
268
127
39
125
45
52
263
227
241
183
141
123
269
107
299
90
86
257
4
50
293
251
300
226
166
225
56
132
108
189
129
190
220
18
115
272
161
120
134
283
249
116
24
114
35
255
77
13
201
34
184
210
28
64
79
121
142
172
50
289
300
251
141
233
38
46
20
166
9
133
197
26
128
219
186
274
118
137
228
161
235
50
216
64
13
117
260
162
96
87
65
1
211
230
260
272
158
287
76
180
93
43
153
218
117
179
291
259
114
245
289
159
97
88
63
267
145
97
11
290
122
218
9
183
149
244
31
201
239
292
173
150
197
238
73
254
269
88
290
32
23
195
215
69
23
233
227
233
135
160
224
39
272
20
262
65
31
70
34
238
250
209
64
124
157
190
277
138
247
200
209
234
98
95
110
89
8
88
3
32
6
235
228
147
143
125
163
193
235
129
299
147
283
95
41
273
137
251
254
135
116
40
115
273
229
49
43
131
73
122
10
124
84
168
207
114
95
222
186
68
39
19
160
230
173
205
240
158
214
17
19
36
244
47
31
121
22
45
74
125
49
14
102
63
165
216
92
214
104
127
86
261
70
278
257
85
17
200
77
115
35
296
284
129
278
234
195
145
256
51
133
133
97
237
77
119
211
235
83
9
217
55
270
270
55
248
97
211
154
264
24
40
60
184
174
7
107
28
181
95
51
275
210
202
65
194
228
193
15
165
272
174
79
238
203
33
181
203
108
224
233
252
112
60
189
198
24
220
35
87
203
69
199
289
189
73
21
222
87
93
30
158
240
206
6
105
26
159
237
269
39
57
286
181
167
249
270
224
151
254
33
59
155
44
212
25
137
121
60
225
130
135
27
199
91
267
229
236
161
64
140
192
285
173
25
138
24
109
199
259
254
125
126
237
286
119
39
159
210
18
151
161
201
74
274
30
64
47
257
138
137
139
83
279
219
284
45
116
226
13
193
279
62
187
230
272
176
296
87
255
197
108
165
5
200
68
31
168
7
10
41
208
194
218
53
105
212
198
114
254
166
24
102
197
294
258
196
269
289
205
19
278
21
120
131
175
7
147
270
13
153
266
298
97
264
159
46
64
88
200
74
161
92
256
260
243
106
58
293
256
221
119
165
242
15
240
113
127
106
28
219
254
253
73
160
118
70
258
142
183
228
261
143
232
261
267
10
94
35
165
153
8
27
126
185
128
158
107
282
123
152
290
23
217
31
214
122
18
214
217
165
18
167
101
18
172
107
246
116
67
48
141
99
294
153
21
217
204
22
138
20
296
227
31
69
76
44
113
214
274
31
55
119
277
22
157
218
72
119
281
118
60
282
13
240
165
186
278
178
215
268
267
284
68
249
5
104
33
47
159
13
114
24
135
105
219
176
68
256
257
116
171
49
223
184
233
204
25
165
271
129
283
135
61
229
191
71
69
254
62
29
83
154
260
267
6
5
130
181
266
84
298
192
126
67
158
54
294
70
147
107
37
209
225
20
256
237
252
29
74
271
193
1
193
259
207
146
28
209
125
94
275
189
236
54
300
90
299
29
114
211
163
45
31
186
42
102
221
288
152
228
18
149
240
240
294
165
245
174
224
208
28
98
72
236
7
77
10
285
240
12
196
19
44
277
283
20
252
37
126
172
138
22
175
221
133
217
149
43
46
267
240
18
279
270
8
149
162
71
103
228
27
116
277
249
127
40
143
287
165
154
110
199
27
107
6
68
74
252
142
182
231
213
186
132
62
245
39
224
157
86
297
115
251
132
231
238
107
130
16
31
239
232
146
234
62
233
295
245
174
6
193
46
260
264
63
244
169
59
258
120
241
247
74
231
51
60
153
257
289
199
98
165
192
228
140
124
280
23
198
92
288
14
43
174
84
44
30
220
292
57
204
41
246
279
147
278
233
45
79
23
253
162
152
95
178
5
203
26
248
249
186
105
206
156
63
259
92
293
37
262
219
54
161
221
87
148
228
126
288
130
270
48
178
65
188
163
183
256
287
264
63
266
292
284
219
193
45
281
115
238
194
192
46
35
229
241
65
59
216
194
212
48
244
252
228
115
212
96
178
207
204
157
233
96
256
150
251
269
277
299
97
181
182
70
174
103
205
152
171
256
49
214
60
182
108
10
48
231
1
78
286
293
107
90
249
193
74
185
73
170
284
70
176
264
185
222
213
51
68
20
254
82
13
98
126
76
115
223
229
55
47
186
233
219
299
158
259
114
38
191
167
34
257
6
33
77
295
89
52
202
118
246
37
155
117
262
1
215
27
246
268
69
105
126
22
192
165
195
176
283
287
67
196
153
112
262
227
166
231
36
251
268
296
98
285
178
28
251
281
122
107
272
5
238
292
216
121
89
263
75
228
241
206
21
192
78
14
283
240
184
142
213
171
58
284
147
89
234
76
139
290
178
55
257
159
58
160
299
21
8
215
202
158
58
267
289
19
9
242
257
256
263
244
22
166
83
248
266
142
73
211
228
256
182
95
293
39
21
85
243
48
132
237
137
210
62
78
227
213
71
284
223
108
271
133
34
69
43
4
183
279
105
282
253
291
99
180
43
200
87
283
152
145
190
159
36
58
155
182
84
86
59
92
270
7
72
236
53
41
67
178
213
21
151
277
250
287
168
69
212
126
284
181
186
268
237
131
235
279
172
156
135
142
50
247
262
178
38
291
148
52
230
296
13
116
119
12
287
20
261
215
75
107
156
129
201
197
270
108
161
67
181
52
191
33
215
8
2
289
217
204
269
243
29
166
90
47
50
262
49
250
19
12
149
292
183
196
158
156
160
6
271
142
193
198
34
215
50
143
235
39
248
200
278
199
135
226
294
30
266
68
78
297
13
222
270
4
156
185
128
57
75
250
77
103
149
250
112
44
8
85
244
228
129
130
26
226
141
154
210
238
83
46
176
161
183
264
265
140
37
207
195
296
88
47
46
7
218
135
215
276
152
109
167
297
170
100
41
74
214
285
289
207
267
268
222
202
178
103
175
123
296
29
191
77
242
297
183
170
114
54
120
248
59
7
18
194
189
36
107
14
114
83
81
156
125
41
240
289
157
82
284
235
6
252
16
288
213
4
195
30
250
271
108
122
240
215
133
58
96
15
152
13
86
41
51
26
300
31
178
288
269
289
231
116
207
40
14
45
198
281
191
178
38
26
94
207
167
150
61
86
292
157
193
273
205
206
90
244
254
44
193
80
249
128
37
35
220
129
226
4
77
107
251
156
226
22
194
147
221
135
90
113
29
165
16
56
208
2
124
170
213
137
255
169
42
160
126
263
95
42
34
242
260
218
278
124
94
32
148
283
226
198
44
124
79
176
243
172
122
233
14
190
163
229
294
200
243
52
145
209
4
204
200
77
62
275
150
51
26
192
176
69
16
60
254
242
110
166
101
264
219
224
247
45
170
286
73
155
224
260
283
165
265
283
147
290
92
285
168
149
205
154
94
46
261
72
273
20
210
67
98
144
296
234
69
106
127
246
256
27
22
108
88
70
253
187
167
225
212
264
19
209
165
286
163
295
293
178
60
37
14
231
210
279
244
119
269
7
202
38
95
173
296
249
291
229
108
252
289
235
170
5
149
79
128
23
102
182
287
258
32
138
276
161
189
295
120
216
50
16
287
86
162
67
223
114
169
137
25
25
211
262
104
90
167
217
248
162
114
221
283
33
65
174
246
87
28
203
3
228
289
50
170
45
257
167
150
279
266
82
290
39
3
11
261
297
44
112
227
19
65
114
178
126
122
190
6
211
210
207
293
27
106
144
295
189
13
131
33
137
53
142
289
286
75
211
42
154
29
126
214
174
195
287
155
121
181
61
82
146
226
95
51
49
248
223
141
260
217
297
237
283
159
94
123
26
149
112
177
143
2
243
9
174
66
278
222
231
223
128
91
27
142
231
232
275
156
239
166
247
129
19
213
277
264
204
100
298
208
132
142
50
198
50
180
285
147
229
192
110
251
135
213
103
18
19
261
148
234
195
280
153
69
219
158
219
87
196
124
19
1
73
180
162
86
16
83
293
47
94
144
192
99
257
228
75
20
291
45
212
241
191
261
292
269
228
275
86
37
122
11
37
74
105
123
203
294
112
10
251
229
227
187
89
159
282
136
37
1
219
180
252
154
272
99
142
213
153
132
233
177
40
61
264
260
58
287
42
145
75
85
86
149
143
128
291
137
200
109
133
22
67
59
111
53
22
159
264
6
248
74
168
145
221
290
256
180
86
97
110
204
261
220
300
55
129
60
240
139
268
163
221
286
295
297
189
65
64
165
130
242
40
168
240
58
295
190
104
257
31
77
103
75
41
42
267
275
63
6
15
146
48
297
171
57
123
79
182
175
231
5
219
183
208
115
132
283
122
84
293
267
223
146
198
49
147
41
40
154
112
118
117
193
28
29
56
55
91
72
3
19
118
239
117
296
234
146
92
238
223
118
275
174
69
164
246
267
196
227
3
134
176
105
173
253
95
85
268
88
167
92
235
32
210
119
190
297
197
121
208
12
161
30
170
51
28
184
39
85
67
133
71
89
195
146
159
138
166
39
162
284
12
68
74
123
198
205
159
167
137
125
57
72
109
126
234
208
190
209
137
290
273
7
245
194
185
78
23
271
4
149
280
140
96
136
153
204
167
12
152
92
70
261
178
220
235
40
190
247
70
3
137
139
262
289
210
97
269
100
218
297
182
148
20
7
272
122
54
254
264
78
252
270
264
98
143
209
254
257
179
298
64
299
294
268
273
263
99
190
73
264
167
288
271
136
227
97
33
40
143
250
210
277
268
208
215
51
69
90
239
25
41
179
223
125
276
4
283
13
231
221
288
63
14
219
240
177
5
218
193
98
64
148
164
58
272
90
151
225
258
237
285
148
151
49
149
267
136
88
283
15
181
259
54
188
243
103
229
183
133
286
205
23
184
199
151
174
84
156
220
147
157
139
197
274
35
245
185
107
12
39
166
41
216
39
271
75
235
43
265
218
196
121
90
267
102
84
139
271
232
174
250
201
219
11
274
211
235
125
235
193
194
47
251
174
217
24
219
253
197
37
176
190
251
256
250
99
285
254
215
294
79
44
165
16
238
154
172
290
32
179
299
76
210
137
183
212
268
108
215
6
117
99
147
238
179
145
119
154
170
202
139
195
146
287
9
231
164
12
17
281
286
205
209
156
242
88
149
181
120
299
169
25
56
293
294
52
59
174
215
53
179
192
116
182
109
270
222
178
104
268
171
50
296
1
93
14
160
202
274
59
187
23
130
206
117
188
156
146
241
174
152
187
299
20
262
215
208
249
88
166
63
159
182
171
91
114
103
213
227
76
65
40
163
49
38
230
224
248
221
274
75
289
144
20
206
117
288
261
71
76
219
186
87
117
27
10
112
65
39
150
132
293
287
49
161
242
169
216
213
69
171
222
243
287
9
13
13
112
282
194
137
207
172
95
291
189
17
4
44
236
165
116
182
255
139
90
84
273
159
172
173
90
39
263
217
197
149
45
67
112
194
180
263
70
57
232
67
24
177
189
146
164
110
191
229
227
30
199
14
110
149
183
71
8
19
261
143
213
242
80
220
254
121
237
25
246
107
126
256
290
267
85
17
170
260
220
69
144
232
92
137
185
101
172
267
166
167
72
255
185
275
279
236
26
226
79
195
49
111
72
233
258
30
212
148
169
252
278
103
300
184
149
74
166
292
4
50
185
90
40
286
140
144
182
96
292
10
143
216
285
191
82
14
21
50
158
104
237
270
285
77
180
34
45
213
173
159
30
238
21
121
69
240
170
144
64
203
159
144
101
9
45
64
1
171
279
160
211
192
102
34
238
194
7
35
142
193
39
228
58
42
282
239
266
161
55
217
49
117
240
13
45
70
73
31
64
165
199
268
154
186
140
29
93
95
30
167
194
176
163
273
61
119
255
141
257
20
264
46
153
243
258
248
223
211
33
38
100
251
62
53
285
240
296
249
233
66
41
57
183
192
228
168
174
227
45
71
180
7
227
103
225
60
234
31
183
119
202
207
32
190
112
199
230
92
256
79
230
166
215
106
15
106
40
39
26
1
131
124
165
268
42
156
73
40
240
86
213
176
194
300
184
184
44
172
239
19
254
216
265
123
297
77
43
110
31
264
200
113
70
184
130
155
108
169
244
3
15
250
21
108
71
163
177
71
219
121
178
180
173
6
185
154
143
262
103
299
195
161
41
99
30
120
244
250
229
101
178
142
260
114
274
8
92
14
126
190
249
33
208
258
77
19
206
265
133
115
227
214
241
228
84
276
174
23
91
207
57
170
23
256
239
11
246
123
189
147
136
10
93
49
1
184
298
53
105
63
258
37
127
3
266
123
137
27
211
47
188
91
248
7
20
41
255
269
23
207
126
285
138
77
212
296
233
83
49
190
241
137
54
99
27
230
149
1
177
77
205
293
280
294
163
17
209
94
297
247
210
66
104
259
292
69
53
223
144
19
80
228
111
177
251
219
251
35
118
77
295
232
51
255
86
220
176
182
237
118
293
158
167
257
29
171
211
86
150
257
254
283
85
13
166
254
107
213
47
133
33
53
227
266
103
41
85
185
185
91
300
1
146
213
159
96
135
36
254
170
265
68
90
93
235
207
234
68
30
10
58
86
202
284
22
258
230
270
149
296
21
40
147
39
133
53
160
231
181
261
266
91
134
24
198
191
202
188
244
275
174
137
186
92
110
81
172
293
171
47
157
122
12
209
181
285
10
1
82
185
227
112
46
148
262
10
229
298
242
207
155
244
13
115
297
119
111
278
115
101
148
43
15
191
102
18
262
34
56
5
91
191
201
208
234
273
53
234
126
153
87
256
240
62
51
132
292
289
115
126
98
69
9
175
73
158
120
211
47
246
272
107
234
129
251
289
143
183
119
19
210
298
6
214
270
290
113
75
87
152
121
41
274
238
224
94
148
137
300
217
11
158
102
76
179
71
26
35
177
1
203
189
222
251
33
39
6
14
267
88
18
89
133
299
53
109
226
197
196
62
208
34
75
164
65
259
209
240
40
262
50
239
41
85
144
133
214
190
299
192
165
88
277
128
155
176
22
167
50
59
38
290
115
191
70
99
70
214
30
201
175
94
176
162
27
219
69
192
252
195
229
60
282
203
52
293
187
228
2
76
242
61
168
77
281
241
133
292
36
61
172
127
218
119
63
149
123
150
93
44
131
62
73
4
231
224
239
19
266
267
204
262
267
154
102
142
86
174
263
121
85
201
104
219
17
189
202
280
34
31
19
252
67
22
198
222
292
140
234
167
7
201
45
27
9
291
238
54
162
211
252
172
151
201
270
252
48
244
113
139
207
149
77
297
37
9
132
41
300
162
292
177
125
82
232
30
31
136
31
61
34
129
21
132
66
130
258
268
92
20
21
31
7
45
46
199
159
146
276
21
88
139
87
77
238
42
249
155
258
240
81
143
152
50
281
2
99
116
92
201
151
85
209
103
114
218
153
30
175
193
225
119
279
78
73
255
269
193
57
99
122
155
3
292
198
168
256
216
274
18
24
132
211
75
229
215
251
277
84
6
92
58
92
78
294
148
140
254
239
235
199
104
146
150
11
239
263
149
231
73
59
117
46
256
71
242
106
27
232
69
93
106
290
289
236
190
205
68
50
95
70
212
284
97
79
133
195
102
7
111
46
21
109
140
290
160
263
150
296
156
226
243
250
199
161
258
42
239
204
155
88
82
64
13
203
275
208
43
260
107
151
221
291
65
141
299
195
299
111
148
277
1
168
258
229
189
42
266
9
290
166
205
42
267
4
96
129
160
298
293
298
114
137
234
229
212
70
287
39
218
120
170
63
63
20
171
223
91
219
275
241
242
232
56
240
5
26
258
64
131
297
298
81
101
27
92
265
258
269
228
264
153
240
289
194
220
118
158
120
163
258
238
47
203
137
227
222
78
202
43
55
240
285
163
37
290
111
66
165
191
238
73
215
260
133
226
177
26
100
78
136
67
134
247
170
34
242
152
260
140
16
232
11
111
209
115
142
58
219
103
205
256
200
119
293
158
250
263
84
164
140
223
19
288
239
106
15
134
83
243
69
43
92
271
42
197
166
31
156
21
186
237
63
124
61
109
196
80
214
177
148
275
274
202
16
234
93
52
189
207
264
237
31
193
243
286
100
233
39
178
203
155
56
279
66
219
134
164
137
194
24
169
240
137
244
155
105
44
228
3
120
154
112
26
32
16
115
251
76
68
177
225
122
291
66
125
207
74
50
244
160
20
93
261
65
297
207
13
173
280
288
264
261
281
239
133
274
66
118
108
170
64
192
287
43
10
250
258
176
12
103
27
69
130
30
91
290
8
94
244
235
212
238
300
275
190
203
43
111
41
259
159
167
135
8
137
88
297
74
216
213
269
102
4
99
299
288
225
35
155
159
122
200
153
93
169
147
173
178
151
244
141
123
86
262
201
100
243
106
233
105
186
64
9
210
197
20
220
18
169
141
127
231
300
201
38
205
276
12
148
85
238
101
196
140
279
15
32
100
28
218
133
87
124
180
157
272
218
267
237
184
101
259
207
178
253
40
145
278
86
90
9
223
91
262
56
19
4
3
122
270
208
206
95
180
166
198
280
144
156
59
78
178
47
18
248
91
22
150
200
32
105
74
187
297
275
91
26
153
123
29
174
224
92
267
188
32
240
20
190
57
35
149
22
68
222
257
77
207
82
19
144
151
115
207
107
27
289
96
170
193
190
258
236
179
220
145
36
172
34
90
56
140
162
150
2
266
229
288
214
46
254
71
237
120
242
294
95
184
254
293
124
47
176
41
97
102
267
39
55
146
108
43
13
257
154
48
198
97
170
68
203
15
249
221
247
58
176
230
21
1
229
61
211
247
244
175
172
182
21
295
192
4
126
15
245
71
138
256
218
239
48
72
160
211
93
87
241
188
196
171
56
230
23
202
64
289
28
151
109
155
32
252
145
149
165
143
16
175
86
82
10
58
58
49
42
169
102
16
276
44
233
126
253
110
184
130
127
50
195
273
32
144
197
193
156
25
287
286
27
285
232
134
281
109
146
90
172
158
141
171
72
178
233
123
3
290
215
211
128
164
1
34
102
10
98
100
86
276
129
172
5
156
209
132
168
248
19
43
39
290
294
246
181
88
223
20
14
97
288
255
290
73
66
61
170
169
135
295
130
135
159
198
286
269
32
3
147
196
221
9
109
197
160
15
10
55
170
279
298
137
296
95
155
216
157
3
89
216
267
151
6
280
73
207
275
172
242
221
70
15
104
164
52
254
203
183
225
20
180
232
8
60
103
159
85
109
204
295
21
108
39
241
176
249
160
232
290
112
198
61
200
103
76
298
92
254
252
210
56
230
120
114
263
122
124
243
189
24
186
125
76
173
167
195
97
285
242
36
154
214
133
98
283
219
189
85
203
68
243
288
99
45
254
133
179
185
171
127
86
21
271
274
101
262
10
198
120
204
156
264
244
293
106
189
293
59
147
113
99
133
23
249
104
33
146
270
141
254
166
279
122
69
155
233
233
280
64
154
39
210
287
202
158
219
111
123
94
295
62
97
219
105
225
1
257
190
16
152
71
64
258
19
175
111
42
175
106
163
78
138
100
251
109
9
86
21
296
82
104
211
230
69
83
35
96
232
220
69
80
55
99
125
85
258
190
230
268
3
246
86
283
108
228
256
20
66
251
138
138
187
177
227
299
74
168
292
133
118
143
284
34
152
133
58
275
298
131
20
177
125
145
258
220
107
139
280
282
244
82
148
5
38
251
240
221
255
241
128
247
242
86
65
214
155
211
263
187
17
205
132
286
286
201
10
209
82
281
150
117
132
233
172
248
23
52
109
24
104
74
235
63
146
287
247
16
126
19
15
298
157
178
35
97
105
160
11
21
87
57
132
247
228
135
181
231
9
120
29
180
86
204
84
4
120
4
146
236
140
240
291
176
296
188
11
159
131
113
125
5
200
84
110
46
23
172
285
171
138
285
279
9
85
69
119
271
229
78
86
62
238
167
26
15
127
164
162
20
255
37
12
48
278
230
62
276
158
5
125
236
265
265
4
296
227
24
194
47
277
269
7
294
106
243
105
278
18
101
243
176
273
94
295
2
37
227
157
3
140
265
52
241
69
277
45
63
22
94
63
141
117
241
14
120
140
116
224
171
29
165
54
24
38
98
51
296
45
175
76
182
98
300
264
103
268
153
279
15
234
8
170
77
239
245
170
212
70
230
103
274
72
270
27
182
85
157
187
2
206
173
114
164
267
294
50
101
132
77
20
112
110
211
149
54
255
102
70
174
246
218
97
296
155
193
262
51
43
137
209
295
116
134
254
259
179
116
281
244
14
32
274
39
50
19
86
204
23
112
76
79
20
242
182
145
281
194
247
80
43
136
230
24
239
118
134
86
87
269
234
83
138
7
208
146
43
198
289
32
246
67
11
229
279
125
272
164
148
233
39
47
5
89
153
269
63
129
26
224
90
57
121
239
184
18
78
231
20
274
52
42
76
167
72
185
191
240
257
81
62
185
128
285
206
296
260
44
283
242
184
87
81
5
46
187
240
145
208
192
130
230
153
93
152
11
9
7
153
281
2
250
249
267
216
195
238
190
256
268
169
126
210
74
259
92
224
28
158
76
195
131
56
94
32
258
268
200
172
292
292
103
226
8
203
203
166
163
151
218
196
115
75
133
242
137
12
134
275
290
214
122
141
226
278
35
86
48
186
118
12
66
209
130
126
165
269
193
75
67
87
120
105
65
182
271
122
44
265
255
173
64
235
284
136
291
85
112
247
195
147
269
12
239
255
91
10
57
55
180
17
38
182
269
15
171
3
172
201
95
93
220
284
54
271
290
63
172
80
213
271
145
95
104
175
77
23
228
81
147
297
74
57
147
171
92
162
1
120
267
43
198
45
80
245
81
284
44
186
119
192
90
13
11
218
93
66
38
235
172
92
80
51
169
196
168
30
277
1
94
202
125
53
129
156
283
147
245
36
85
177
298
232
272
226
200
212
282
294
64
50
288
283
107
149
218
161
203
132
12
184
6
133
134
285
212
291
230
139
277
37
162
273
279
184
74
122
270
29
63
240
9
289
58
45
237
299
44
248
30
256
278
189
122
297
58
209
235
288
148
5
125
212
19
220
221
277
8
280
141
77
214
154
103
26
213
119
294
208
121
269
128
230
150
166
82
93
28
91
286
258
85
52
6
105
44
252
268
210
171
201
134
204
105
226
200
53
157
85
188
130
39
268
13
211
56
103
49
275
158
13
73
182
189
273
4
248
129
148
47
268
25
260
84
209
286
151
183
281
106
2
178
235
219
21
48
231
80
42
84
278
158
194
256
258
269
224
234
53
45
116
192
202
129
122
112
66
166
37
191
278
89
19
14
185
49
45
127
60
119
113
110
1
8
183
72
90
52
20
297
128
81
296
198
80
292
83
154
153
100
5
194
113
141
280
36
250
240
31
133
277
156
280
284
237
86
222
31
297
58
150
204
241
89
192
13
171
196
187
165
4
103
165
47
105
103
40
261
167
209
159
186
39
267
101
53
111
250
149
30
99
132
105
296
299
149
41
261
91
224
17
265
125
122
107
101
26
245
280
157
156
244
165
174
88
249
86
82
105
130
74
117
117
176
43
220
124
244
173
50
274
116
58
263
209
190
298
190
117
221
136
211
9
277
149
125
32
237
295
102
56
228
75
49
170
13
286
161
54
200
90
108
222
128
245
83
184
239
162
109
285
239
283
52
98
156
91
179
169
287
210
138
280
68
179
252
74
132
74
139
119
23
51
255
279
125
167
148
62
88
203
30
183
141
14
43
7
120
92
160
205
203
261
97
221
216
22
207
278
23
116
125
73
286
160
115
252
162
212
35
207
143
161
117
270
141
140
189
272
15
138
224
84
218
172
256
275
130
281
91
70
288
212
223
77
280
221
140
105
164
279
235
59
274
120
18
195
42
35
217
256
227
287
191
73
91
108
243
193
3
234
274
276
198
290
90
39
19
99
2
23
241
214
129
133
158
297
53
13
300
236
271
37
192
214
269
232
30
49
205
117
179
159
114
282
174
229
166
23
177
184
273
133
147
222
164
119
239
271
190
28
164
162
177
261
232
155
278
202
56
7
162
261
94
191
57
68
162
270
18
97
223
230
233
279
177
254
153
207
100
157
157
225
13
115
157
69
113
139
30
3
232
125
163
167
67
66
41
73
181
24
66
109
20
180
178
94
204
220
131
271
283
222
2
211
47
68
151
150
89
16
25
189
22
68
228
45
255
156
136
245
67
237
51
298
190
266
28
110
119
220
167
161
230
275
185
254
174
228
56
46
1
292
80
74
246
52
12
8
250
57
264
157
101
110
269
130
295
64
164
117
130
104
200
110
46
21
202
51
31
269
31
250
124
150
121
206
81
44
244
129
300
65
240
80
154
162
283
84
16
259
192
145
53
262
71
270
234
37
221
102
81
128
169
58
273
269
145
147
126
177
279
126
217
45
139
131
142
195
130
143
221
13
49
250
89
122
76
41
84
41
182
190
269
292
98
42
39
196
56
296
113
122
90
72
112
144
151
137
1
274
145
200
214
196
191
39
281
94
78
219
58
63
110
183
9
299
125
245
107
152
23
66
23
124
276
226
74
22
91
158
96
298
25
64
126
82
207
64
193
68
77
64
161
186
183
249
195
290
22
101
133
150
144
91
207
251
238
102
3
19
62
295
222
204
253
221
191
137
119
234
141
100
154
32
209
242
38
181
82
224
26
213
16
195
